0, 20.75
1, 20.75
2, 20.75
3, 20.75
4, 20.75
5, 20.75
6, 20.75
7, 20.75
8, nan
9, 20.75
10, 20.75
11, 20.75
12, 20.75
13, 20.75
14, 20.75
15, 20.75
16, 20.75
17, 21.0
18, 21.0
19, nan
20, 21.5
21, 21.75
22, 22.0
23, 22.25
24, 22.5
25, 23.0
26, 23.5
27, 24.0
28, 24.25
29, 25.0
30, 25.0
31, 25.25
32, 25.75
33, 26.0
34, 26.0
35, 26.25
36, 26.5
37, 26.5
38, 26.5
39, 26.75
40, 26.5
41, 26.5
42, 26.75
43, 27.25
44, 27.0
45, 27.0
46, 27.0
47, 27.0
48, 27.0
49, 27.0
50, 27.25
51, 27.25
52, 27.25
53, 27.25
54, 27.5
55, 27.5
56, 27.5
57, 27.5
58, 27.5
59, 27.25
60, 27.25
61, 27.25
62, 27.25
63, 27.25
64, 27.25
65, 27.25
66, 27.25
67, 27.25
68, 27.25
69, 27.25
70, 27.25
71, 27.25
72, 27.25
73, 27.25
74, 27.25
75, 27.25
76, 27.5
77, 27.25
78, 27.0
79, 27.0
80, 27.0
81, 27.0
82, 27.0
83, 26.75
84, 26.75
85, 26.75
86, 26.75
87, 26.5
88, 26.25
89, 26.5
90, 26.25
91, 26.25
92, 26.0
